37
93 672 946 153 947 82 522 772 725 413 936 649 399 123 821 93 29 860 572 344 608 590 554 210 115 307 313 535 636 184 291 66 178 379 204 523 758
对应输出应该为:
9479469393936860828217727587256726664963660859057255453552352241339937934431330729291210204184178153123115
你的输出为:
94794693693860821827727587256726664963660859057255453552352241339937934431330729129210204184178153123115

37
93 672 946 153  82 522 772 725 413 936 649 399 123 821 93 29 860 572 344 608 590 554 210 115 307 313 535 636 184 291 66 178 379 204 523 758
9393936860828217727587256726664963660859057255453552352241339937934431330729291210204184178153123115
93693860821827727587256726664963660859057255453552352241339937934431330729129210204184178153123115

62
135 518 476 936 415 616 663 496 968 206 604 398 169 983 277 634 453 280 215 380 239 465 649 4 609 501 875 549 712 90 226 822 740 860 885 377 740 746 825 864 578 636 31 70 880 764 415 475 446 490 744 394 640 451 378 873 911 205 572 672 360 516
对应输出应该为:
9839689369119088588087587386486082582276474674474074071270672663649640636634616609604578572549518516501496490476475465453451446441541539839438037837736031280277239226215206205169135
你的输出为:
9839689369119088588087587386486082582276474674474074071270672663649640636634616609604578572549518516501496490476475465453451446415415439839438037837736031280277239226215206205169135
9839689369119088588087587386486082582276474674474074071270672663649640636634616609604578572549518516501496490476475465453451444641541539839438037837736031280277239226215206205169135
9839689369119088588087587386486082582276474674474074071270672663649640636634616609604578572549518516501496490476475465453451444641541539839438037837736031280277239226215206205169135
9839689369119088588087587386486082582276474674474074071270672663649640636634616609604578572549518516501496490476475465453451446441541539839438037837736031280277239226215206205169135
9839689369119088588087587386486082582276474674474074071270672663649640636634616609604578572549518516501496490476475465453451444641541539839438037837736031280277239226215206205169135
9839689369119088588087587386486082582276474674474074071270672663649640636634616609604578572549518516501496490476475465453451446441541539839438037837736031280277239226215206205169135

